[H[2Jthroughput
simple_4_ta	0.52 ; 0.03
simple_6_ta	0.59 ; 0.06
45_parcels_ta	0.86 ; 0.05
75_parcels_ta	1.11 ; 0.00
38_parcels_ta	0.78 ; 0.04
simple_6_dummy	0.06 ; 0.06
60_parcels_ta	0.94 ; 0.06
simple_16_ta	0.60 ; 0.17
50_parcels_ta	0.94 ; 0.08
simple_8_ta	0.67 ; 0.07
simple_12_ta	0.66 ; 0.09
simple_12_dummy	0.01 ; 0.01
55_parcels_ta	0.93 ; 0.05
simple_8_dummy	0.08 ; 0.06
simple_2_ta	0.37 ; 0.02

distance covered
simple_4_ta	1041.14;42.42 	 257.02;22.62 	 222.30;91.10
simple_6_ta	1175.49;63.75 	 178.24;26.95 	 163.67;51.91
45_parcels_ta	2020.80;81.72 	 241.72;28.68 	 191.97;95.22
75_parcels_ta	1655.94;0.00 	 204.48;20.08 	 2.52;3.96
38_parcels_ta	1824.67;98.51 	 215.63;35.50 	 184.02;82.59
simple_6_dummy	6.05;0.99 	 1.09;0.56 	 0.93;0.62
60_parcels_ta	2559.33;42.17 	 306.14;35.15 	 255.50;113.14
simple_16_ta	2268.06;468.04 	 63.73;37.21 	 65.06;37.76
50_parcels_ta	2226.00;246.26 	 260.63;38.48 	 220.20;97.79
simple_8_ta	1260.00;113.10 	 131.61;31.62 	 114.67;51.57
simple_12_ta	1515.71;177.09 	 80.73;34.02 	 75.36;35.04
simple_12_dummy	7.52;1.25 	 0.88;0.64 	 0.71;0.69
55_parcels_ta	2315.20;171.92 	 278.21;38.55 	 229.86;114.85
simple_8_dummy	6.93;3.82 	 1.10;0.77 	 0.86;0.75
simple_2_ta	891.00;36.10 	 445.25;29.82 	 389.75;149.97
